205 15 202 23 205 16 211 9 211 6 195 10 2
246 3 247 3 243 4 242 -7 243 -13 226 -6 2
217 0 214 6 213 -1 206 -5 210 -11 198 5 2
214 18 207 12 200 17 211 6 208 5 194 22 2
218 14 223 20 218 19 212 15 209 11 196 19 2
173 6 172 5 172 7 165 11 178 5 169 4 2
234 20 228 15 230 15 227 18 239 11 221 -11 2
255 22 267 6 271 5 273 -4 269 -2 248 -10 2
259 22 269 14 262 7 262 0 260 -7 241 -2 2
272 9 267 4 273 2 264 4 271 -5 247 -1 2
267 12 255 6 260 8 250 10 261 7 252 -1 2
253 17 259 12 243 6 237 7 239 7 229 9 2
285 18 274 5 282 4 270 5 276 12 265 6 2
315 12 318 -9 322 -6 307 -9 303 6 291 22 2
213 9 211 -4 216 -1 209 -2 213 -10 189 25 2
246 8 261 11 247 6 244 0 251 -10 232 -6 2
304 15 309 14 321 10 308 9 314 -2 289 20 2
265 4 269 7 266 5 261 5 273 -2 262 4 2
285 14 295 6 304 1 307 -4 307 -8 283 25 2
312 32 336 27 341 20 338 22 344 7 311 35 2
303 18 313 23 321 18 321 11 326 9 302 27 2
313 16 325 11 344 11 347 9 349 6 307 -5 2
198 4 206 9 213 1 206 0 218 -15 204 -7 2
151 -14 163 -3 167 -7 177 -13 186 -17 164 -20 2
121 -2 129 10 136 6 135 8 141 5 126 -6 2
164 45 191 26 188 10 179 -9 156 -14 134 20 2
137 17 149 9 160 -4 148 -22 134 -21 113 -21 2
173 40 187 21 197 4 181 -11 158 -24 151 -13 2
156 29 178 13 177 -4 172 -23 154 -31 143 -5 2
214 39 234 16 231 -2 227 -21 208 -37 204 8 2
143 29 143 8 152 -3 143 -3 134 -15 119 -8 2
187 14 201 0 209 -10 197 -23 182 -26 164 -1 2
228 39 249 25 265 5 253 -10 86 -96 207 13 2
228 43 253 33 260 14 259 -8 237 -12 206 7 2
190 62 229 56 240 28 238 1 208 -17 179 15 2
214 60 255 51 258 23 249 -4 225 -17 195 1 2
235 44 266 33 275 8 274 -23 249 -30 214 6 2
180 34 206 17 197 9 197 -6 181 -8 157 -3 2
235 34 256 28 268 16 253 12 244 -2 220 7 2
219 17 241 8 238 1 237 -8 224 -11 190 7 2
247 36 280 29 277 23 269 13 264 -3 236 13 2
192 22 233 31 240 16 234 1 217 -21 184 24 2
221 44 256 41 261 22 254 3 232 -9 209 25 2
207 55 239 49 254 40 240 20 222 -2 181 39 2
69 49 92 50 92 47 89 36 83 30 81 31 2
203 76 251 59 256 31 245 11 209 -15 187 35 2
208 37 238 20 251 11 232 1 207 -35 192 1 2
212 45 256 42 267 26 258 11 236 -11 190 -6 2
196 42 229 32 237 15 238 -9 211 -18 172 16 2
215 29 246 23 245 8 246 -8 217 -22 206 32 2
164 22 167 11 181 7 175 -2 155 -4 147 10 2
201 39 227 38 232 19 242 -5 195 -21 186 3 2
239 28 256 24 268 13 266 5 235 2 232 10 2
219 13 237 6 242 -1 240 -10 212 -17 206 2 2
217 21 222 8 229 0 224 -8 198 -15 198 -13 2
197 -1 207 2 212 -12 201 -13 185 -26 184 -23 2
228 27 239 16 246 4 249 -5 218 -11 201 -5 2
221 16 231 4 240 -6 237 -16 208 -22 204 -7 2
225 32 242 22 251 4 252 -8 216 -24 209 5 2
205 -5 216 -12 227 -17 221 -30 194 -34 197 -13 2
169 2 177 2 183 -8 177 -18 156 -22 148 -14 2
172 11 178 1 187 -5 187 -12 161 -22 157 1 2
171 11 184 3 194 -9 190 -18 170 -28 172 -3 2
51 8 57 -1 57 -1 61 -4 58 -9 54 -14 2
149 14 166 1 162 0 170 -15 158 -15 134 7 2
154 -3 176 -15 170 -21 165 -28 158 -37 143 -11 2
142 0 169 1 158 0 168 -14 164 -13 146 -3 2
148 15 174 2 165 1 169 -13 165 -12 147 -6 2
127 4 141 -6 147 -4 138 -6 138 -8 121 12 2
133 -12 166 -10 164 -18 168 -35 154 -33 137 -12 2
149 5 177 5 175 2 180 -12 170 -14 142 6 2
165 9 182 -4 176 -6 181 -23 170 -24 140 12 2
167 15 184 0 186 -5 186 -19 174 -18 157 -12 2
165 3 187 -5 181 -10 179 -27 164 -27 151 -4 2
183 -2 207 -9 216 -15 204 -24 203 -37 172 -11 2
183 -2 207 -9 216 -15 204 -24 203 -37 172 -11 2
170 37 180 17 199 14 194 -7 165 -18 148 29 2
175 38 187 30 195 15 192 -5 156 -13 142 12 2
214 46 226 23 243 12 229 -10 192 -19 180 43 2
167 60 190 40 201 24 192 9 158 -13 150 18 2
193 52 216 26 234 4 220 -8 182 -40 170 1 2
189 47 215 28 226 4 209 -15 165 -44 159 5 2
189 47 215 28 226 4 209 -15 165 -44 159 5 2
205 43 215 28 230 13 231 -3 195 -19 184 3 2
204 41 224 20 243 8 235 -14 199 -38 178 -7 2
213 40 241 24 247 10 248 -9 213 -33 188 -4 2
214 37 239 16 252 9 253 -14 219 -42 187 -6 2
214 37 239 16 252 9 253 -14 219 -42 187 -6 2
199 4 229 -9 247 -11 239 -16 232 -30 199 -31 2
168 28 204 12 218 8 221 -16 202 -22 166 9 2
206 40 263 28 279 17 284 -4 268 -19 217 -6 2
193 16 246 22 252 8 236 -1 230 -16 190 10 2
195 32 247 25 260 9 256 -2 247 -22 198 -10 2
190 14 228 8 235 0 231 -9 218 -18 171 8 2
321 57 358 47 366 41 355 24 339 19 307 47 2
277 21 305 16 314 11 303 5 297 -7 258 11 2
245 47 287 32 301 29 300 14 287 1 237 20 2
216 29 250 14 260 8 254 -2 246 -14 206 12 2
259 34 276 16 276 11 276 -4 259 -8 238 20 2
259 34 276 16 276 11 276 -4 259 -8 238 20 2
