4 22 4 24 1 1 2 0 3 1 2 2 0
0 10 2 -2 0 1 0 6 2 5 -3 2 0
-1 10 -6 -5 0 0 -1 -1 2 -7 2 2 0
3 -3 4 3 -2 3 1 5 -1 8 -1 -1 0
3 -2 4 -16 5 0 1 -4 -2 -7 -1 3 0
-2 -5 2 -7 0 -1 3 -2 0 -4 -1 1 0
-3 16 1 10 4 -2 3 0 1 7 0 -1 0
0 7 4 11 1 4 2 4 2 -2 2 3 0
-1 -6 -3 -9 3 -1 1 -4 1 3 -5 -7 0
0 -22 2 -4 0 0 -2 5 0 -2 1 -2 0
-3 17 -5 7 -1 -1 -2 0 -3 1 -1 -1 0
5 0 0 1 -2 0 -2 6 -1 9 0 3 0
7 2 4 12 1 -1 0 -9 1 3 1 0 0
-2 6 -3 -7 1 2 1 13 0 12 -1 -1 0
0 -17 6 -9 3 -2 1 2 1 -1 0 -7 0
-1 2 -2 -3 -2 3 -1 1 2 1 2 -4 0
2 -6 4 -3 2 0 4 1 2 -3 2 -5 0
-5 -9 -5 -16 2 -2 -1 -14 -2 -17 -2 3 0
0 -5 1 -11 0 -1 2 -1 1 -3 2 -6 0
3 -4 2 -6 10 1 5 1 3 1 0 3 0
-4 2 -7 -2 -9 1 -6 3 -3 -1 -5 7 0
-1 -1 0 0 2 -1 -1 0 1 1 -1 -2 0
1 6 -1 0 1 0 1 0 -2 8 0 1 0
2 21 2 18 3 4 1 6 3 7 0 6 0
1 8 2 13 3 4 -2 3 -1 6 1 -3 0
0 -26 6 -8 3 -5 6 -9 3 -20 -4 0 0
3 4 2 0 7 -5 4 -2 5 0 2 -3 0
1 7 -1 3 -3 -2 -1 -3 3 4 3 5 0
1 2 1 0 -2 1 3 -2 1 -8 2 2 0
2 9 1 8 -2 -4 -2 1 -3 4 1 -3 0
-18 -15 -15 -14 1 -2 1 -5 0 -7 -3 5 0
3 11 10 1 -5 2 -2 3 1 6 -2 1 0
1 4 5 14 4 -1 0 2 2 5 -1 -2 0
-5 -7 -2 -11 -3 1 -3 3 -4 4 0 1 0
-1 12 -9 -8 -2 2 0 3 -3 3 2 0 0
3 12 -2 5 1 0 0 0 0 2 2 0 0
5 -4 3 6 6 0 7 -4 2 3 2 -3 0
-1 -5 3 -2 -2 0 4 -4 1 -3 2 -1 0
0 7 -2 -7 0 0 0 -1 1 2 -2 -8 0
5 -9 -1 1 -1 0 0 2 -4 -13 -2 -1 0
7 -3 14 18 2 -5 -3 -2 -3 -24 -3 -8 0
1 18 -2 14 2 2 -1 2 0 5 2 4 0
1 -7 -1 -2 1 -5 -2 -7 -2 -3 -1 3 0
5 -1 0 2 4 -3 3 -3 1 -2 -1 -7 0
11 -14 5 -20 1 1 4 -1 12 -7 -4 1 0
4 -2 0 -11 1 1 2 -13 4 -10 -1 0 0
-3 5 -13 1 -6 -4 -6 -7 -4 -3 -4 -5 0
-6 -9 -4 1 -4 1 -4 1 -5 -3 -3 -3 0
3 -11 0 -5 1 -10 5 -18 5 -20 0 -10 0
-2 9 4 10 3 -4 -1 -2 -1 1 -1 -1 0
1 0 0 3 -1 -4 4 -3 1 -3 2 -5 0
1 0 1 2 3 -1 1 -4 0 -6 0 0 0
-4 8 -2 9 -4 -3 -4 -3 -5 1 0 -1 0
0 2 0 1 -3 -1 -3 2 0 1 -1 -3 0
3 25 1 21 0 -3 -4 2 -1 11 1 -3 0
-3 -6 -1 6 1 -2 -1 -1 -3 0 -2 1 0
-4 -7 -2 -6 -6 -5 -3 -4 -5 -1 2 0 0
-2 -13 -5 -13 -4 -2 -2 -3 -3 -1 -3 -5 0
-1 15 -2 15 -2 -3 -2 3 -2 9 -3 -3 0
-3 -7 -3 -12 1 -2 -3 -3 -2 3 -4 -2 0
-2 -8 -2 -9 -3 0 -3 -1 -2 -3 0 -1 0
-4 8 0 1 -1 -1 -4 0 -2 -1 -4 0 0
-9 -19 -6 -12 -4 0 -3 3 0 6 -2 0 0
4 4 0 8 0 2 -1 5 1 4 0 4 0
2 11 -5 9 -1 -1 0 1 2 10 1 0 0
1 7 -3 7 -4 0 -3 2 -1 0 -1 -2 0
1 23 0 27 -1 1 -2 5 1 12 -4 5 0
3 6 2 10 3 -1 2 0 0 6 1 0 0
-2 -19 1 -30 8 -2 6 -2 3 -3 1 -4 0
-2 2 0 5 -2 1 -3 4 -3 13 -3 2 0
1 5 -1 -3 2 0 1 2 -1 2 1 1 0
-4 -3 -4 -3 -2 1 -4 1 -3 -5 -3 0 0
2 6 1 6 -3 2 0 1 1 4 3 6 0
1 7 2 6 -1 -38 -5 3 0 7 -1 -6 0
-5 -19 -6 -22 -3 21 5 22 3 -18 2 1 0
-2 -6 2 -5 6 0 2 -4 0 -2 -1 -4 0
-3 2 -1 6 1 0 2 -3 -1 -6 2 -3 0
2 0 1 3 1 2 1 1 0 3 -2 0 0
-1 0 0 11 3 2 0 3 1 1 0 0 0
0 -11 -2 -19 -1 -1 0 -4 -2 -14 0 1 0
-3 15 -4 15 -9 0 -8 -1 -6 2 -4 -1 0
-1 -15 -3 -14 -1 2 0 -3 -4 1 -2 3 0
-2 -14 -3 -9 -2 7 1 0 -1 1 -2 2 0
1 9 2 9 0 0 1 -2 2 4 -1 7 0
2 24 2 21 0 -2 -4 3 0 10 -5 1 0
-4 -1 -4 2 -6 1 -2 1 -1 -1 -1 3 0
-1 -14 -1 -11 -3 -4 1 -3 1 -3 1 -1 0
-2 11 -1 7 -2 9 -8 0 -5 3 -4 0 0
-1 -5 0 -5 5 0 3 -4 3 -7 2 -4 0
-6 -13 -9 -17 2 1 1 -1 1 -4 -4 -4 0
-2 -32 -4 -29 -5 29 5 -5 2 -8 0 -3 0
-6 3 -7 6 -6 3 -9 2 -5 3 -7 1 0
-7 13 -4 15 -3 22 -6 52 -7 -2 0 8 0
-1 11 0 20 -1 22 -3 3 -5 6 -2 2 0
-3 3 -3 2 1 1 2 -8 0 6 -2 0 0
-2 -13 -1 -19 2 27 4 -11 0 -9 4 -3 0
-9 -21 -11 -22 -11 -27 -1 0 -1 -6 -5 3 0
-5 6 -8 13 -10 3 -8 5 -6 8 -4 2 0
-6 27 -6 32 -7 28 -2 8 -5 13 -5 -2 0
4 -21 3 -25 -1 1 -1 2 -4 -2 -1 -5 0
