-183 -12 -174 -19 -181 26 -183 -9 -185 -18 -139 -3 3
-138 2 -132 4 -134 51 -137 5 -143 2 -133 4 3
-113 1 -111 13 -115 32 -114 -2 -122 -6 -92 4 3
-127 2 -126 -3 -119 33 -128 4 -129 7 -120 6 3
-127 2 -126 -3 -119 33 -128 4 -129 7 -120 6 3
-189 16 -187 14 -189 44 -201 8 -201 8 -146 6 3
-191 20 -188 24 -211 29 -202 8 -201 3 -169 9 3
-242 13 -235 9 -247 53 -253 17 -255 16 -204 18 3
-259 -14 -270 24 -263 17 -268 -17 -273 -20 -214 -5 3
-158 5 -150 9 -158 45 -169 9 -168 6 -152 11 3
-179 -11 -171 -7 -174 26 -180 -6 -179 -13 -140 5 3
-167 -4 -171 30 -177 -19 -171 -21 -166 -16 -153 -4 3
-266 -22 -266 14 -259 16 -274 -21 -276 -25 -197 -21 3
-283 -5 -289 35 -280 30 -279 28 -286 1 -230 6 3
-212 4 -223 33 -227 -4 -229 -6 -230 0 -182 -11 3
-234 -14 -245 15 -243 -12 -242 -13 -242 -9 -193 -16 3
-171 -15 -173 24 -172 -10 -174 -10 -175 -3 -127 -17 3
-200 -8 -200 21 -208 -6 -210 -4 -208 -5 -177 -11 3
-172 -26 -177 11 -169 -20 -176 -22 -179 -23 -149 -14 3
-207 -26 -218 20 -210 -5 -212 -8 -213 -8 -188 -14 3
-260 1 -266 39 -261 10 -268 13 -269 14 -222 -4 3
-235 -24 -236 42 -237 10 -235 6 -238 -11 -193 -4 3
-265 -2 -267 32 -272 5 -272 5 -272 6 -217 -5 3
-241 -3 -244 38 -249 3 -255 2 -255 9 -197 -12 3
-269 -7 -276 30 -272 31 -282 2 -286 6 -202 -14 3
-219 -4 -229 37 -225 -4 -228 -6 -227 -8 -189 -11 3
-248 1 -255 42 -250 44 -257 5 -261 6 -208 -1 3
-196 12 -206 40 -199 41 -206 13 -205 15 -154 7 3
-217 -3 -210 9 -218 35 -211 36 -215 -10 -176 5 3
-298 -9 -308 31 -315 -3 -315 -8 -314 -7 -234 -10 3
-243 -8 -250 29 -249 -6 -251 -5 -253 -11 -196 -5 3
-198 5 -206 48 -208 15 -208 7 -205 16 -161 -6 3
-203 -18 -210 15 -210 -21 -212 -22 -213 -15 -167 -9 3
-240 -14 -237 18 -238 -10 -240 -11 -240 -12 -191 -18 3
-236 -8 -244 34 -242 5 -244 8 -246 7 -207 -9 3
-187 4 -200 34 -191 35 -186 12 -193 12 -156 1 3
-170 -1 -175 35 -166 5 -169 6 -171 6 -151 -3 3
-199 2 -201 5 -214 3 -207 1 -207 2 -170 -11 3
-230 -6 -237 27 -241 -8 -244 -9 -241 -7 -196 -15 3
-204 11 -206 49 -206 14 -207 8 -215 5 -168 2 3
-231 18 -239 46 -239 10 -241 11 -240 15 -194 -5 3
-241 8 -250 44 -260 8 -257 9 -252 9 -200 -8 3
-220 -7 -230 42 -229 -6 -230 -7 -233 -11 -196 -18 3
-233 -2 -240 22 -240 2 -241 -1 -241 1 -173 -11 3
-223 13 -224 17 -237 34 -228 6 -229 8 -159 -7 3
-242 -11 -249 26 -255 -8 -257 -8 -257 -5 -197 -12 3
-216 -12 -223 18 -212 18 -220 -9 -222 -10 -169 -10 3
-239 -10 -238 36 -239 -3 -249 -7 -246 -5 -189 -5 3
-284 6 -302 39 -305 7 -306 10 -303 11 -230 -17 3
-193 20 -200 48 -191 54 -215 6 -215 3 -174 -2 3
-198 23 -194 22 -197 52 -193 57 -201 24 -158 29 3
-243 5 -249 -4 -261 23 -256 22 -228 12 -180 37 3
-200 5 -197 5 -196 48 -191 47 -198 10 -171 29 3
-198 -17 -192 -14 -201 19 -193 20 -190 -15 -164 14 3
-217 44 -212 39 -214 77 -217 47 -222 44 -160 47 3
-177 8 -177 2 -177 31 -173 36 -179 3 -159 17 3
-219 1 -218 1 -215 40 -208 35 -215 2 -174 30 3
-210 -43 -210 -48 -209 15 -205 12 -207 -20 -172 -1 3
-228 -17 -227 -26 -234 32 -238 -24 -238 -10 -217 -1 3
-191 2 -189 1 -191 39 -185 38 -187 2 -174 19 3
-275 16 -273 14 -281 64 -272 66 -283 11 -262 28 3
-235 -18 -236 -19 -249 28 -242 28 -236 -10 -217 8 3
-214 -13 -214 -15 -219 23 -213 21 -217 -29 -205 -9 3
-212 6 -208 11 -214 45 -210 47 -213 11 -174 18 3
-172 2 -171 -6 -175 42 -177 39 -174 -15 -140 14 3
-133 -17 -133 -8 -136 30 -130 36 -128 -5 -134 -3 3
-179 23 -173 25 -178 52 -174 55 -182 13 -144 30 3
-216 -13 -213 -13 -223 30 -217 27 -220 -12 -173 18 3
-216 18 -229 59 -222 58 -216 57 -224 19 -183 37 3
-221 6 -226 54 -219 57 -213 49 -227 8 -182 39 3
-228 25 -217 21 -230 63 -242 24 -244 28 -178 37 3
-253 13 -252 11 -257 49 -242 48 -256 17 -183 33 3
-199 11 -194 8 -209 57 -204 61 -208 9 -177 20 3
-208 9 -205 4 -217 57 -209 53 -214 17 -180 16 3
-205 -3 -198 -3 -209 29 -200 30 -212 -8 -169 16 3
-217 3 -211 -6 -223 48 -209 42 -220 9 -190 33 3
-221 10 -211 5 -232 40 -221 43 -227 7 -179 24 3
-202 22 -196 27 -213 56 -210 66 -212 19 -182 29 3
-191 21 -182 23 -187 67 -181 67 -197 15 -181 21 3
-224 5 -225 8 -235 47 -226 46 -223 10 -198 26 3
-230 38 -228 31 -234 72 -230 72 -240 26 -217 32 3
-269 31 -263 32 -276 69 -262 68 -274 35 -234 45 3
-255 10 -244 11 -261 46 -254 40 -261 10 -230 25 3
-235 13 -234 9 -243 39 -233 43 -234 15 -190 13 3
-197 10 -194 3 -201 52 -195 51 -207 9 -178 22 3
-191 30 -190 24 -201 75 -202 37 -201 37 -192 33 3
-222 -7 -215 2 -226 41 -225 43 -228 -3 -191 13 3
-255 36 -245 27 -262 62 -255 68 -267 30 -219 38 3
-195 5 -193 7 -205 37 -201 35 -202 -3 -177 13 3
-184 0 -172 0 -193 35 -183 38 -194 -8 -151 6 3
-235 29 -228 24 -236 54 -227 55 -241 22 -196 33 3
-224 10 -215 14 -226 57 -213 57 -232 15 -187 16 3
-198 7 -200 6 -203 55 -210 12 -212 15 -175 30 3
-235 7 -244 43 -239 42 -242 14 -242 7 -215 35 3
-217 4 -214 -4 -224 9 -225 9 -224 12 -212 6 3
-226 7 -222 6 -235 47 -223 6 -231 4 -215 13 3
-191 -10 -190 -4 -209 48 -198 0 -197 -4 -187 2 3
-197 36 -193 29 -211 75 -195 19 -197 31 -182 22 3
-167 14 -169 16 -183 48 -179 47 -169 -6 -151 3 3
-246 5 -244 21 -256 62 -249 60 -250 8 -215 37 3
