4 22 4 24 1 1 2 0 3 1 2 2 0
0 10 2 -2 0 1 0 6 2 5 -3 2 0
-1 10 -6 -5 0 0 -1 -1 2 -7 2 2 0
3 -3 4 3 -2 3 1 5 -1 8 -1 -1 0
3 -2 4 -16 5 0 1 -4 -2 -7 -1 3 0
-2 -5 2 -7 0 -1 3 -2 0 -4 -1 1 0
-3 16 1 10 4 -2 3 0 1 7 0 -1 0
0 7 4 11 1 4 2 4 2 -2 2 3 0
-1 -6 -3 -9 3 -1 1 -4 1 3 -5 -7 0
0 -22 2 -4 0 0 -2 5 0 -2 1 -2 0
-3 17 -5 7 -1 -1 -2 0 -3 1 -1 -1 0
5 0 0 1 -2 0 -2 6 -1 9 0 3 0
7 2 4 12 1 -1 0 -9 1 3 1 0 0
-2 6 -3 -7 1 2 1 13 0 12 -1 -1 0
0 -17 6 -9 3 -2 1 2 1 -1 0 -7 0
-1 2 -2 -3 -2 3 -1 1 2 1 2 -4 0
2 -6 4 -3 2 0 4 1 2 -3 2 -5 0
-5 -9 -5 -16 2 -2 -1 -14 -2 -17 -2 3 0
0 -5 1 -11 0 -1 2 -1 1 -3 2 -6 0
3 -4 2 -6 10 1 5 1 3 1 0 3 0
-4 2 -7 -2 -9 1 -6 3 -3 -1 -5 7 0
-1 -1 0 0 2 -1 -1 0 1 1 -1 -2 0
1 6 -1 0 1 0 1 0 -2 8 0 1 0
2 21 2 18 3 4 1 6 3 7 0 6 0
1 8 2 13 3 4 -2 3 -1 6 1 -3 0
0 -26 6 -8 3 -5 6 -9 3 -20 -4 0 0
3 4 2 0 7 -5 4 -2 5 0 2 -3 0
1 7 -1 3 -3 -2 -1 -3 3 4 3 5 0
1 2 1 0 -2 1 3 -2 1 -8 2 2 0
2 9 1 8 -2 -4 -2 1 -3 4 1 -3 0
-18 -15 -15 -14 1 -2 1 -5 0 -7 -3 5 0
3 11 10 1 -5 2 -2 3 1 6 -2 1 0
1 4 5 14 4 -1 0 2 2 5 -1 -2 0
-5 -7 -2 -11 -3 1 -3 3 -4 4 0 1 0
-1 12 -9 -8 -2 2 0 3 -3 3 2 0 0
3 12 -2 5 1 0 0 0 0 2 2 0 0
5 -4 3 6 6 0 7 -4 2 3 2 -3 0
-1 -5 3 -2 -2 0 4 -4 1 -3 2 -1 0
0 7 -2 -7 0 0 0 -1 1 2 -2 -8 0
5 -9 -1 1 -1 0 0 2 -4 -13 -2 -1 0
7 -3 14 18 2 -5 -3 -2 -3 -24 -3 -8 0
1 18 -2 14 2 2 -1 2 0 5 2 4 0
1 -7 -1 -2 1 -5 -2 -7 -2 -3 -1 3 0
5 -1 0 2 4 -3 3 -3 1 -2 -1 -7 0
11 -14 5 -20 1 1 4 -1 12 -7 -4 1 0
4 -2 0 -11 1 1 2 -13 4 -10 -1 0 0
-3 5 -13 1 -6 -4 -6 -7 -4 -3 -4 -5 0
-6 -9 -4 1 -4 1 -4 1 -5 -3 -3 -3 0
3 -11 0 -5 1 -10 5 -18 5 -20 0 -10 0
-2 9 4 10 3 -4 -1 -2 -1 1 -1 -1 0
1 0 0 3 -1 -4 4 -3 1 -3 2 -5 0
1 0 1 2 3 -1 1 -4 0 -6 0 0 0
-4 8 -2 9 -4 -3 -4 -3 -5 1 0 -1 0
0 2 0 1 -3 -1 -3 2 0 1 -1 -3 0
3 25 1 21 0 -3 -4 2 -1 11 1 -3 0
-3 -6 -1 6 1 -2 -1 -1 -3 0 -2 1 0
-4 -7 -2 -6 -6 -5 -3 -4 -5 -1 2 0 0
-2 -13 -5 -13 -4 -2 -2 -3 -3 -1 -3 -5 0
-1 15 -2 15 -2 -3 -2 3 -2 9 -3 -3 0
-3 -7 -3 -12 1 -2 -3 -3 -2 3 -4 -2 0
-2 -8 -2 -9 -3 0 -3 -1 -2 -3 0 -1 0
-4 8 0 1 -1 -1 -4 0 -2 -1 -4 0 0
-9 -19 -6 -12 -4 0 -3 3 0 6 -2 0 0
4 4 0 8 0 2 -1 5 1 4 0 4 0
2 11 -5 9 -1 -1 0 1 2 10 1 0 0
1 7 -3 7 -4 0 -3 2 -1 0 -1 -2 0
1 23 0 27 -1 1 -2 5 1 12 -4 5 0
3 6 2 10 3 -1 2 0 0 6 1 0 0
-2 -19 1 -30 8 -2 6 -2 3 -3 1 -4 0
-2 2 0 5 -2 1 -3 4 -3 13 -3 2 0
1 5 -1 -3 2 0 1 2 -1 2 1 1 0
-4 -3 -4 -3 -2 1 -4 1 -3 -5 -3 0 0
2 6 1 6 -3 2 0 1 1 4 3 6 0
1 7 2 6 -1 -38 -5 3 0 7 -1 -6 0
-5 -19 -6 -22 -3 21 5 22 3 -18 2 1 0
-2 -6 2 -5 6 0 2 -4 0 -2 -1 -4 0
-3 2 -1 6 1 0 2 -3 -1 -6 2 -3 0
2 0 1 3 1 2 1 1 0 3 -2 0 0
-1 0 0 11 3 2 0 3 1 1 0 0 0
0 -11 -2 -19 -1 -1 0 -4 -2 -14 0 1 0
-3 15 -4 15 -9 0 -8 -1 -6 2 -4 -1 0
-1 -15 -3 -14 -1 2 0 -3 -4 1 -2 3 0
-2 -14 -3 -9 -2 7 1 0 -1 1 -2 2 0
1 9 2 9 0 0 1 -2 2 4 -1 7 0
2 24 2 21 0 -2 -4 3 0 10 -5 1 0
-4 -1 -4 2 -6 1 -2 1 -1 -1 -1 3 0
-1 -14 -1 -11 -3 -4 1 -3 1 -3 1 -1 0
-2 11 -1 7 -2 9 -8 0 -5 3 -4 0 0
-1 -5 0 -5 5 0 3 -4 3 -7 2 -4 0
-6 -13 -9 -17 2 1 1 -1 1 -4 -4 -4 0
-2 -32 -4 -29 -5 29 5 -5 2 -8 0 -3 0
-6 3 -7 6 -6 3 -9 2 -5 3 -7 1 0
-7 13 -4 15 -3 22 -6 52 -7 -2 0 8 0
-1 11 0 20 -1 22 -3 3 -5 6 -2 2 0
-3 3 -3 2 1 1 2 -8 0 6 -2 0 0
-2 -13 -1 -19 2 27 4 -11 0 -9 4 -3 0
-9 -21 -11 -22 -11 -27 -1 0 -1 -6 -5 3 0
-5 6 -8 13 -10 3 -8 5 -6 8 -4 2 0
-6 27 -6 32 -7 28 -2 8 -5 13 -5 -2 0
4 -21 3 -25 -1 1 -1 2 -4 -2 -1 -5 0
21 62 18 54 9 85 7 82 -195 -93 -1 61 1
3 56 2 46 26 75 25 78 13 77 -9 57 1
12 45 29 19 29 54 33 55 30 50 7 33 1
6 57 30 32 19 60 14 63 14 59 -8 48 1
7 52 34 31 27 65 25 66 24 66 -3 53 1
17 38 41 30 28 67 20 60 17 61 -5 48 1
9 40 34 27 19 59 12 64 -253 -123 1 44 1
5 40 33 22 11 61 10 58 9 60 -8 44 1
9 56 43 50 23 62 22 60 7 62 -3 41 1
12 48 37 41 19 61 10 34 14 31 -5 47 1
1 62 33 36 23 65 8 70 7 70 -3 42 1
2 39 33 21 25 65 17 65 13 62 -2 53 1
12 31 10 30 -5 71 -5 72 -12 65 -5 47 1
-2 54 31 31 27 63 14 59 9 55 -6 50 1
8 40 34 27 16 64 11 65 -257 -134 -4 44 1
-8 57 24 27 13 68 3 75 1 71 -5 49 1
11 50 36 28 32 60 30 59 22 59 0 42 1
-12 53 25 22 4 61 -2 68 -4 64 -6 44 1
-4 55 26 32 4 65 10 67 2 62 -5 47 1
-7 61 23 30 -1 78 -3 72 -248 -122 -4 50 1
4 38 3 35 31 65 31 63 23 49 -1 37 1
2 42 34 24 11 64 12 72 -252 -118 -3 39 1
16 52 38 31 25 68 19 63 19 60 -4 44 1
7 49 31 33 23 67 25 59 17 57 -4 46 1
-7 47 29 17 13 66 10 58 8 55 -2 41 1
0 41 30 22 22 61 9 59 6 59 -4 42 1
-14 51 -14 45 11 58 12 56 7 55 -3 42 1
1 51 30 21 20 62 6 63 3 62 -3 46 1
0 46 18 27 9 54 -2 56 -236 -144 -2 38 1
-14 64 29 37 22 63 17 60 15 55 -4 50 1
-10 56 21 39 -2 64 -9 63 -6 63 -6 44 1
-9 56 24 39 7 54 2 57 -2 59 -1 37 1
-9 65 19 49 3 62 -2 60 -4 61 -9 53 1
-4 53 21 31 4 63 4 64 -249 -128 -4 48 1
-10 43 19 24 -7 67 -256 -116 -254 -126 -4 44 1
4 48 36 37 14 62 8 71 -245 -126 1 47 1
-1 64 40 51 23 65 17 64 4 71 -3 41 1
-5 56 -3 53 21 64 12 59 7 64 -4 49 1
0 48 21 33 14 62 10 59 7 57 0 44 1
6 41 28 29 26 69 22 66 20 63 -4 44 1
-10 68 32 37 26 62 20 56 10 63 -1 49 1
2 63 30 44 25 68 22 69 12 68 -6 53 1
-21 60 34 44 13 70 5 76 4 76 -7 49 1
-7 43 27 24 11 64 -1 64 1 60 -5 47 1
-12 58 -12 49 2 59 -4 57 -8 61 -12 45 1
-16 65 12 56 -10 73 -241 -142 -240 -145 -4 50 1
25 45 12 36 -4 70 -8 70 -247 -138 -6 48 1
-25 64 20 31 5 57 6 56 -12 72 -7 42 1
-15 64 -15 77 16 60 18 58 1 60 0 49 1
-5 46 -9 45 13 54 11 49 5 40 4 45 1
-24 23 -23 21 -19 80 5 48 0 38 3 45 1
-23 44 -18 51 -25 86 -3 47 -7 42 7 40 1
-18 43 -16 42 -14 88 2 55 -4 41 9 44 1
-6 35 -6 26 -17 63 -16 61 -16 61 6 40 1
-26 27 -25 25 -25 99 -1 47 -7 40 8 43 1
-26 33 -6 4 -14 47 -10 47 -19 48 2 34 1
-25 38 -27 38 -31 72 -28 75 -8 44 6 44 1
-27 37 -23 43 -34 99 -8 56 -10 48 3 49 1
-22 62 -25 64 -11 54 -11 55 -16 49 0 45 1
-23 43 -6 18 -16 56 -21 58 -340 -152 8 53 1
-21 63 -18 65 -34 89 -20 53 -20 53 -2 37 1
-29 36 -26 32 -29 53 -28 49 -29 54 -5 38 1
-27 65 -29 63 -41 103 -35 102 -25 50 -6 42 1
-31 58 -8 28 -22 57 -30 57 -28 54 -2 43 1
-25 51 -22 52 -33 55 -30 51 -29 50 -4 40 1
-26 53 -28 44 -33 101 -29 100 -8 41 3 41 1
-24 54 -23 47 -26 74 -24 84 -1 48 0 46 1
-18 56 -19 61 -27 87 -18 55 -18 53 -3 47 1
-32 49 -31 58 -33 102 -27 102 -11 61 -2 52 1
-24 79 -30 86 -38 114 -26 71 -29 67 2 61 1
-16 41 -30 48 -33 88 -28 89 2 61 3 54 1
0 4 -4 29 6 -6 0 -10 -1 -2 -3 7 1
-22 50 -27 67 -29 123 -24 123 -18 49 1 55 1
-15 61 -16 64 -24 104 -18 105 -7 60 9 64 1
-19 51 -18 25 -25 65 -25 70 -21 68 1 50 1
-42 67 -44 51 -45 49 -42 61 -40 59 5 46 1
-16 72 -16 78 -23 113 -16 113 -6 60 10 48 1
-18 45 -17 53 -19 90 0 58 -2 49 5 62 1
-37 69 -39 74 -42 65 -40 66 -34 77 -2 62 1
-23 56 -26 60 -23 67 -22 68 -29 70 3 62 1
-29 48 -24 52 -28 92 -17 56 -22 48 4 57 1
-17 42 -16 50 -11 92 -5 57 -13 53 9 47 1
-17 47 -15 58 -14 92 9 54 -1 48 12 52 1
-27 63 -3 36 -11 59 -22 58 -22 58 -1 50 1
-21 61 -20 58 -21 61 -21 60 -25 61 1 43 1
-25 81 -26 83 -31 69 -29 70 -28 68 -1 53 1
-30 46 -29 48 -22 60 -26 56 -23 46 -2 47 1
-21 65 -22 81 -23 78 -19 67 -16 72 10 58 1
-28 48 -30 43 -29 97 -21 67 -26 59 4 48 1
-26 58 -27 30 -32 61 -32 61 -32 62 0 45 1
-27 46 -26 54 -22 63 -23 57 -369 -121 6 48 1
-16 74 -21 85 -13 66 -16 71 -17 73 7 68 1
-24 32 -22 32 -21 103 -15 63 -20 42 8 52 1
-11 41 -16 55 -17 89 8 61 3 58 10 51 1
-20 52 -20 49 1 64 -7 59 -12 52 7 43 1
-17 70 -15 75 -18 105 4 64 -7 53 5 57 1
-24 62 -29 73 -29 75 -26 72 -27 60 1 58 1
-28 67 -26 67 -38 106 -30 67 -29 62 -5 60 1
-28 68 -32 72 -34 70 -34 69 -33 80 -1 64 1
-26 60 -26 56 -32 98 -4 58 -7 50 5 50 1