14 -113 13 -116 28 -112 34 -117 29 -120 9 -81 4
2 -117 7 -109 15 -110 15 -113 14 -119 7 -97 4
1 -110 12 -100 6 -103 8 -106 7 -107 2 -105 4
-3 -125 4 -122 6 -122 10 -126 10 -128 6 -119 4
1 -136 11 -129 13 -130 9 -130 11 -136 1 -125 4
-9 -139 -2 -136 3 -131 3 -133 2 -137 -3 -136 4
-9 -139 -2 -136 3 -131 3 -133 2 -137 -3 -136 4
-2 -126 11 -124 1 -124 13 -133 11 -130 12 -103 4
-4 -131 3 -126 3 -125 5 -126 9 -135 6 -139 4
-5 -132 6 -124 9 -124 10 -125 9 -132 10 -129 4
-12 -137 -5 -137 3 -135 0 -139 -2 -147 -8 -135 4
-7 -127 0 -127 9 -123 12 -126 12 -137 3 -114 4
-1 -156 14 -140 13 -143 13 -149 8 -161 -4 -119 4
-20 -124 -26 -118 -20 -118 -16 -116 -15 -118 -16 -107 4
-20 -124 -17 -119 -20 -118 -13 -123 -11 -126 -4 -96 4
-23 -109 -26 -107 -24 -105 -29 -93 -14 -100 -21 -129 4
-28 -150 -27 -140 -33 -143 -25 -137 -13 -140 -17 -121 4
-16 -118 -10 -108 -16 -108 -12 -109 -8 -100 -17 -113 4
-11 -103 -8 -98 -6 -98 -7 -95 -3 -95 -15 -72 4
-11 -125 -6 -120 -13 -125 -6 -120 -4 -120 -1 -99 4
-18 -157 -17 -147 -23 -151 -18 -144 -8 -135 -7 -156 4
-11 -156 -8 -153 -2 -158 -9 -150 -9 -147 -12 -141 4
-12 -123 -26 -133 -18 -129 -15 -123 -12 -119 -13 -90 4
-30 -149 -30 -143 -25 -147 -23 -146 -20 -139 -16 -121 4
-15 -148 -16 -144 -21 -148 -15 -147 -121 -228 -14 -101 4
14 15 36 -51 31 -79 31 -102 -14 -180 6 -82 4
-18 -113 -20 -108 -21 -101 -24 -92 -16 -94 -3 -75 4
-19 -179 -26 -176 -27 -174 -28 -166 -123 -207 -16 -136 4
-14 -113 -18 -113 -12 -108 -14 -102 -12 -105 -9 -98 4
-1 -111 0 -111 -6 -107 -7 -103 -4 -100 7 -88 4
2 -141 7 -137 -7 -146 -4 -136 -91 -195 6 -110 4
-12 -119 -12 -111 -30 -110 -19 -114 -13 -106 -14 -100 4
-2 -148 1 -152 -6 -153 -5 -148 -4 -148 12 -135 4
-39 -135 -43 -132 -46 -132 -45 -122 -40 -131 -25 -112 4
14 -164 9 -169 9 -167 14 -165 10 -162 11 -134 4
21 -52 45 -143 62 -171 63 -205 32 -258 25 -157 4
-12 -162 -17 -164 -26 -158 -12 -160 -13 -144 0 -111 4
-10 -156 -3 -150 -21 -144 -12 -153 -117 -219 3 -85 4
-10 -156 -3 -150 -21 -144 -12 -153 -117 -219 3 -85 4
14 -147 26 -157 25 -170 30 -180 17 -186 14 -133 4
7 -118 -2 -118 7 -118 4 -116 3 -123 8 -98 4
14 -188 17 -192 21 -193 15 -194 13 -207 22 -162 4
9 -147 6 -155 15 -152 13 -162 8 -160 7 -123 4
18 -147 27 -144 28 -155 13 -161 19 -162 15 -148 4
18 -147 27 -144 28 -155 13 -161 19 -162 15 -148 4
38 -131 30 -141 36 -148 27 -137 29 -143 25 -132 4
5 -176 8 -180 13 -186 -2 -182 -1 -192 -6 -148 4
15 -170 9 -188 14 -187 19 -200 6 -193 1 -151 4
5 -192 5 -194 6 -195 2 -193 -2 -204 6 -156 4
-6 -170 -1 -176 6 -188 -7 -187 -20 -205 -6 -142 4
-5 21 29 -82 28 -104 35 -131 29 -183 2 -95 4
-4 -111 -9 -104 -7 -100 -4 -101 -3 -99 4 -77 4
6 17 40 -96 31 -115 37 -149 27 -200 11 -111 4
0 -133 -1 -122 -13 -123 -5 -123 1 -103 2 -103 4
1 -126 -6 -121 -13 -121 -12 -118 -4 -104 -7 -99 4
2 -120 2 -115 -6 -120 3 -122 6 -108 -8 -110 4
3 -137 -9 -133 -1 -131 1 -131 5 -120 6 -133 4
-6 -133 -4 -125 -12 -127 -7 -123 -1 -110 -7 -124 4
2 -118 5 -108 -7 -113 -3 -106 -2 -103 6 -110 4
3 -121 -1 -124 0 -123 0 -115 6 -108 -2 -117 4
-5 -121 -3 -117 -9 -118 -6 -119 -7 -114 -6 -120 4
3 -131 1 -126 -2 -124 1 -124 -3 -124 1 -120 4
-1 -110 -6 -111 -2 -107 -7 -100 -44 -136 -2 -92 4
-7 -129 -11 -122 -19 -119 -15 -110 -10 -106 -8 -106 4
-19 -148 -12 -150 -10 -160 -45 -122 26 -20 -17 -139 4
-4 -100 -8 -114 -6 -109 -4 -111 -8 -109 -1 -89 4
0 -107 13 -120 16 -128 7 -129 3 -129 -1 -111 4
-14 -127 -22 -135 -11 -138 -6 -144 -20 -134 -22 -107 4
-9 -120 -12 -135 -4 -134 -1 -144 -10 -132 -11 -110 4
8 -112 15 -123 16 -134 14 -143 6 -131 7 -107 4
0 -123 4 -130 5 -134 5 -138 4 -128 9 -122 4
-14 -114 0 -123 -1 -130 -1 -136 -41 -156 -14 -115 4
9 -103 5 -117 12 -120 10 -121 7 -129 16 -109 4
-3 -95 5 -108 6 -105 7 -113 3 -116 8 -102 4
-19 -151 -12 -159 -11 -160 -21 -156 -19 -162 -10 -129 4
12 -114 19 -110 23 -113 21 -116 17 -121 5 -92 4
15 -128 24 -127 28 -126 26 -127 21 -150 6 -72 4
20 -112 7 -115 13 -109 22 -111 15 -120 16 -75 4
17 -100 23 -102 22 -104 17 -96 16 -117 10 -84 4
10 -107 5 -110 16 -109 20 -113 10 -115 9 -83 4
3 -117 1 -127 22 -123 19 -144 7 -139 18 -89 4
2 -91 -7 -84 -1 -82 5 -88 -4 -89 2 -65 4
15 -91 21 -80 21 -93 18 -93 16 -111 25 -81 4
1 -120 12 -104 13 -115 14 -118 5 -131 5 -68 4
-4 -110 3 -96 -5 -104 -1 -112 -4 -107 -13 -73 4
-34 -122 -47 -117 -40 -120 -46 -111 -40 -124 -25 -73 4
4 -122 4 -117 12 -122 7 -123 9 -124 -6 -82 4
-2 -149 15 -134 10 -140 11 -147 5 -155 -2 -107 4
-7 -112 3 -102 -3 -105 -2 -107 -6 -117 1 -77 4
-15 -123 -17 -117 -16 -105 -11 -111 -12 -112 -1 -88 4
4 -118 6 -108 0 -109 6 -114 5 -105 2 -99 4
3 -143 -5 -143 -6 -135 1 -137 -87 -203 0 -97 4
-1 -141 4 -129 -5 -125 -3 -129 3 -126 8 -98 4
10 -115 6 -121 3 -117 4 -112 -37 -167 12 -93 4
27 -105 20 -106 15 -107 19 -108 14 -113 23 -95 4
20 -103 23 -99 33 -100 22 -100 23 -109 24 -86 4
14 -109 7 -118 11 -112 11 -114 12 -111 17 -87 4
17 -126 9 -121 10 -118 16 -123 18 -112 12 -98 4
-12 -104 -18 -101 -24 -95 -23 -95 -14 -83 -14 -95 4
8 -86 4 -92 8 -88 7 -97 5 -92 10 -76 4
