-7 50 -3 63 -9 78 -12 66 -12 65 -6 40 5
-38 99 -41 114 -44 91 -44 86 -46 94 -32 54 5
-26 85 -28 86 -30 88 -25 86 -26 86 -20 64 5
-8 85 -17 79 -12 96 -9 92 -4 88 -12 66 5
-36 107 -34 137 -26 110 -33 109 -36 107 -20 74 5
-29 107 -37 132 -33 113 -33 114 -26 114 -24 76 5
-7 106 -3 110 -1 102 -3 101 -4 101 -6 76 5
-32 112 -40 108 -33 120 -31 116 -34 118 -28 77 5
2 109 3 99 7 119 8 122 6 120 4 72 5
-22 83 -28 73 -14 92 -15 91 -15 88 -13 59 5
-36 123 -36 129 -38 115 -35 112 -36 120 -31 79 5
-22 114 -22 112 -19 112 -19 109 -21 113 -20 85 5
14 119 15 124 21 126 21 125 21 124 11 105 5
-29 98 -26 115 -36 104 -36 87 -35 91 -29 87 5
-35 120 -40 113 -22 137 -20 144 -24 149 -15 107 5
-10 124 -10 134 -18 130 -18 127 -21 137 -15 96 5
-14 160 -7 164 -12 148 -13 146 -13 160 -15 111 5
-3 154 -6 139 11 159 8 161 7 163 -3 125 5
-20 135 -19 141 -22 142 -22 140 -21 139 -16 110 5
-11 141 -10 142 -14 134 -11 148 -11 152 -15 93 5
-14 114 -13 112 -9 112 -11 115 -13 122 -15 97 5
-11 100 -11 98 -10 104 -9 99 -11 102 -13 88 5
-13 105 -13 111 -13 115 -13 115 -16 119 -12 85 5
-7 125 0 123 -3 122 -5 121 -3 126 -8 87 5
-12 146 -10 154 -16 155 -15 158 -16 156 -9 123 5
-28 115 -29 124 -30 111 -30 110 -29 121 -21 71 5
-3 128 2 132 -5 120 -3 114 -2 112 -1 76 5
-11 150 -8 165 -7 164 -16 168 -14 167 -7 99 5
-22 177 -19 178 -21 182 -20 185 -20 186 -10 109 5
-13 120 -11 119 -10 132 -10 132 -11 131 -4 80 5
4 131 5 128 11 135 11 127 6 114 6 78 5
-2 130 3 137 -4 141 -5 145 -6 148 -1 88 5
21 112 23 128 16 122 16 124 15 124 14 79 5
18 141 15 141 21 139 21 138 21 139 19 87 5
-7 143 -4 141 -2 138 -5 136 -8 136 2 88 5
-36 128 -33 132 -39 136 -41 136 -45 139 -22 81 5
-12 125 -13 122 -15 127 -13 127 -13 128 -5 72 5
9 144 7 152 7 121 6 123 5 127 1 76 5
-19 116 -20 122 -20 124 -20 122 -22 127 -12 80 5
-23 134 -25 131 -23 133 -23 131 -21 128 -18 83 5
-3 142 -4 142 -2 153 -3 149 -6 159 5 90 5
-26 123 -28 103 -18 122 -17 127 -19 123 -14 75 5
17 121 15 121 18 127 22 123 17 124 16 80 5
-20 107 -19 107 -20 107 -21 107 -20 107 -12 78 5
-1 123 -2 123 -1 122 1 118 2 122 1 80 5
-12 84 -11 79 -7 92 -10 96 -10 98 -11 62 5
-20 136 -19 108 -18 126 -21 128 -22 135 -19 82 5
-29 76 -27 76 -27 93 -27 91 -26 89 -24 69 5
-8 139 9 101 -7 140 -5 143 -6 155 -1 84 5
-9 98 -4 101 -3 113 -4 109 -5 110 -8 78 5
15 105 16 104 15 106 14 117 18 120 16 64 5
15 116 16 109 16 119 16 120 16 125 10 79 5
13 145 16 145 15 131 17 132 18 129 8 88 5
-1 140 -6 144 6 135 1 138 0 142 -4 104 5
14 131 14 138 14 136 15 136 13 137 9 98 5
23 125 42 86 25 128 27 135 27 135 22 95 5
37 114 35 113 40 112 38 113 37 115 29 98 5
51 115 64 73 57 142 59 142 59 132 48 119 5
26 137 24 131 26 127 26 123 31 121 23 113 5
12 88 15 88 15 108 11 103 11 108 11 95 5
20 95 20 92 21 99 23 101 21 101 14 92 5
40 113 38 107 41 107 39 109 37 109 30 109 5
6 118 6 120 5 119 6 119 7 117 9 105 5
33 114 34 127 35 139 36 138 30 131 25 128 5
8 120 7 111 9 127 5 127 6 124 7 113 5
43 138 41 151 48 131 47 132 46 135 39 123 5
18 129 23 130 14 138 18 148 21 142 18 111 5
-5 120 -3 119 -1 111 -3 109 -4 100 -4 92 5
22 83 19 84 21 97 21 93 19 94 21 78 5
38 148 40 149 45 136 44 143 44 151 27 114 5
28 166 44 124 37 150 35 157 31 167 23 113 5
16 140 37 94 13 129 15 131 17 134 16 103 5
2 126 2 122 1 138 0 133 1 139 -3 113 5
-31 150 -33 80 -46 144 -41 142 -37 143 -10 117 5
3 134 2 143 8 119 5 123 2 140 0 94 5
3 116 2 112 6 111 -1 115 -3 111 2 89 5
-8 104 -6 100 -5 107 -5 102 -8 107 -8 82 5
21 154 37 84 22 149 21 154 21 155 25 112 5
-13 148 -12 152 -10 141 -10 139 -9 139 -5 109 5
11 124 9 128 13 141 14 143 13 140 7 102 5
20 186 34 143 24 189 24 190 19 194 17 140 5
21 161 22 156 28 158 24 159 20 164 21 126 5
-5 157 -3 155 -6 160 -5 164 -3 170 -6 118 5
6 148 7 145 5 144 4 152 3 157 -1 112 5
-19 116 -22 116 -24 137 -19 144 -18 133 -18 113 5
24 118 20 123 22 135 24 137 26 136 16 109 5
13 145 12 152 24 138 21 135 20 141 13 111 5
27 119 28 118 28 126 27 125 28 131 23 106 5
19 115 19 120 17 130 16 134 17 137 11 99 5
62 117 58 116 76 111 72 116 69 113 24 108 5
30 145 42 104 34 139 32 156 27 148 28 105 5
20 146 18 147 22 141 21 150 21 151 17 104 5
-28 137 -16 93 -35 137 -30 141 -27 152 -28 107 5
9 111 8 110 11 120 8 120 8 115 4 87 5
17 124 29 76 15 126 15 127 16 135 20 93 5
-4 145 -6 150 -5 136 -3 142 -6 146 -7 104 5
-5 147 -5 147 -9 153 -2 150 -3 153 -7 113 5
26 116 27 120 34 108 35 108 31 110 24 86 5
10 133 11 134 13 133 13 133 13 132 8 100 5
25 132 37 84 27 124 25 131 22 139 23 85 5
