4 22 4 24 1 1 2 0 3 1 2 2 0
0 10 2 -2 0 1 0 6 2 5 -3 2 0
-1 10 -6 -5 0 0 -1 -1 2 -7 2 2 0
3 -3 4 3 -2 3 1 5 -1 8 -1 -1 0
3 -2 4 -16 5 0 1 -4 -2 -7 -1 3 0
-2 -5 2 -7 0 -1 3 -2 0 -4 -1 1 0
-3 16 1 10 4 -2 3 0 1 7 0 -1 0
0 7 4 11 1 4 2 4 2 -2 2 3 0
-1 -6 -3 -9 3 -1 1 -4 1 3 -5 -7 0
0 -22 2 -4 0 0 -2 5 0 -2 1 -2 0
-3 17 -5 7 -1 -1 -2 0 -3 1 -1 -1 0
5 0 0 1 -2 0 -2 6 -1 9 0 3 0
7 2 4 12 1 -1 0 -9 1 3 1 0 0
-2 6 -3 -7 1 2 1 13 0 12 -1 -1 0
0 -17 6 -9 3 -2 1 2 1 -1 0 -7 0
-1 2 -2 -3 -2 3 -1 1 2 1 2 -4 0
2 -6 4 -3 2 0 4 1 2 -3 2 -5 0
-5 -9 -5 -16 2 -2 -1 -14 -2 -17 -2 3 0
0 -5 1 -11 0 -1 2 -1 1 -3 2 -6 0
3 -4 2 -6 10 1 5 1 3 1 0 3 0
-4 2 -7 -2 -9 1 -6 3 -3 -1 -5 7 0
-1 -1 0 0 2 -1 -1 0 1 1 -1 -2 0
1 6 -1 0 1 0 1 0 -2 8 0 1 0
2 21 2 18 3 4 1 6 3 7 0 6 0
1 8 2 13 3 4 -2 3 -1 6 1 -3 0
0 -26 6 -8 3 -5 6 -9 3 -20 -4 0 0
3 4 2 0 7 -5 4 -2 5 0 2 -3 0
1 7 -1 3 -3 -2 -1 -3 3 4 3 5 0
1 2 1 0 -2 1 3 -2 1 -8 2 2 0
2 9 1 8 -2 -4 -2 1 -3 4 1 -3 0
-18 -15 -15 -14 1 -2 1 -5 0 -7 -3 5 0
3 11 10 1 -5 2 -2 3 1 6 -2 1 0
1 4 5 14 4 -1 0 2 2 5 -1 -2 0
-5 -7 -2 -11 -3 1 -3 3 -4 4 0 1 0
-1 12 -9 -8 -2 2 0 3 -3 3 2 0 0
3 12 -2 5 1 0 0 0 0 2 2 0 0
5 -4 3 6 6 0 7 -4 2 3 2 -3 0
-1 -5 3 -2 -2 0 4 -4 1 -3 2 -1 0
0 7 -2 -7 0 0 0 -1 1 2 -2 -8 0
5 -9 -1 1 -1 0 0 2 -4 -13 -2 -1 0
7 -3 14 18 2 -5 -3 -2 -3 -24 -3 -8 0
1 18 -2 14 2 2 -1 2 0 5 2 4 0
1 -7 -1 -2 1 -5 -2 -7 -2 -3 -1 3 0
5 -1 0 2 4 -3 3 -3 1 -2 -1 -7 0
11 -14 5 -20 1 1 4 -1 12 -7 -4 1 0
4 -2 0 -11 1 1 2 -13 4 -10 -1 0 0
-3 5 -13 1 -6 -4 -6 -7 -4 -3 -4 -5 0
-6 -9 -4 1 -4 1 -4 1 -5 -3 -3 -3 0
3 -11 0 -5 1 -10 5 -18 5 -20 0 -10 0
-2 9 4 10 3 -4 -1 -2 -1 1 -1 -1 0
1 0 0 3 -1 -4 4 -3 1 -3 2 -5 0
1 0 1 2 3 -1 1 -4 0 -6 0 0 0
-4 8 -2 9 -4 -3 -4 -3 -5 1 0 -1 0
0 2 0 1 -3 -1 -3 2 0 1 -1 -3 0
3 25 1 21 0 -3 -4 2 -1 11 1 -3 0
-3 -6 -1 6 1 -2 -1 -1 -3 0 -2 1 0
-4 -7 -2 -6 -6 -5 -3 -4 -5 -1 2 0 0
-2 -13 -5 -13 -4 -2 -2 -3 -3 -1 -3 -5 0
-1 15 -2 15 -2 -3 -2 3 -2 9 -3 -3 0
-3 -7 -3 -12 1 -2 -3 -3 -2 3 -4 -2 0
-2 -8 -2 -9 -3 0 -3 -1 -2 -3 0 -1 0
-4 8 0 1 -1 -1 -4 0 -2 -1 -4 0 0
-9 -19 -6 -12 -4 0 -3 3 0 6 -2 0 0
4 4 0 8 0 2 -1 5 1 4 0 4 0
2 11 -5 9 -1 -1 0 1 2 10 1 0 0
1 7 -3 7 -4 0 -3 2 -1 0 -1 -2 0
1 23 0 27 -1 1 -2 5 1 12 -4 5 0
3 6 2 10 3 -1 2 0 0 6 1 0 0
-2 -19 1 -30 8 -2 6 -2 3 -3 1 -4 0
-2 2 0 5 -2 1 -3 4 -3 13 -3 2 0
1 5 -1 -3 2 0 1 2 -1 2 1 1 0
-4 -3 -4 -3 -2 1 -4 1 -3 -5 -3 0 0
2 6 1 6 -3 2 0 1 1 4 3 6 0
1 7 2 6 -1 -38 -5 3 0 7 -1 -6 0
-5 -19 -6 -22 -3 21 5 22 3 -18 2 1 0
-2 -6 2 -5 6 0 2 -4 0 -2 -1 -4 0
-3 2 -1 6 1 0 2 -3 -1 -6 2 -3 0
2 0 1 3 1 2 1 1 0 3 -2 0 0
-1 0 0 11 3 2 0 3 1 1 0 0 0
0 -11 -2 -19 -1 -1 0 -4 -2 -14 0 1 0
-3 15 -4 15 -9 0 -8 -1 -6 2 -4 -1 0
-1 -15 -3 -14 -1 2 0 -3 -4 1 -2 3 0
-2 -14 -3 -9 -2 7 1 0 -1 1 -2 2 0
1 9 2 9 0 0 1 -2 2 4 -1 7 0
2 24 2 21 0 -2 -4 3 0 10 -5 1 0
-4 -1 -4 2 -6 1 -2 1 -1 -1 -1 3 0
-1 -14 -1 -11 -3 -4 1 -3 1 -3 1 -1 0
-2 11 -1 7 -2 9 -8 0 -5 3 -4 0 0
-1 -5 0 -5 5 0 3 -4 3 -7 2 -4 0
-6 -13 -9 -17 2 1 1 -1 1 -4 -4 -4 0
-2 -32 -4 -29 -5 29 5 -5 2 -8 0 -3 0
-6 3 -7 6 -6 3 -9 2 -5 3 -7 1 0
-7 13 -4 15 -3 22 -6 52 -7 -2 0 8 0
-1 11 0 20 -1 22 -3 3 -5 6 -2 2 0
-3 3 -3 2 1 1 2 -8 0 6 -2 0 0
-2 -13 -1 -19 2 27 4 -11 0 -9 4 -3 0
-9 -21 -11 -22 -11 -27 -1 0 -1 -6 -5 3 0
-5 6 -8 13 -10 3 -8 5 -6 8 -4 2 0
-6 27 -6 32 -7 28 -2 8 -5 13 -5 -2 0
4 -21 3 -25 -1 1 -1 2 -4 -2 -1 -5 0
21 62 18 54 9 85 7 82 -195 -93 -1 61 1
3 56 2 46 26 75 25 78 13 77 -9 57 1
12 45 29 19 29 54 33 55 30 50 7 33 1
6 57 30 32 19 60 14 63 14 59 -8 48 1
7 52 34 31 27 65 25 66 24 66 -3 53 1
17 38 41 30 28 67 20 60 17 61 -5 48 1
9 40 34 27 19 59 12 64 -253 -123 1 44 1
5 40 33 22 11 61 10 58 9 60 -8 44 1
9 56 43 50 23 62 22 60 7 62 -3 41 1
12 48 37 41 19 61 10 34 14 31 -5 47 1
1 62 33 36 23 65 8 70 7 70 -3 42 1
2 39 33 21 25 65 17 65 13 62 -2 53 1
12 31 10 30 -5 71 -5 72 -12 65 -5 47 1
-2 54 31 31 27 63 14 59 9 55 -6 50 1
8 40 34 27 16 64 11 65 -257 -134 -4 44 1
-8 57 24 27 13 68 3 75 1 71 -5 49 1
11 50 36 28 32 60 30 59 22 59 0 42 1
-12 53 25 22 4 61 -2 68 -4 64 -6 44 1
-4 55 26 32 4 65 10 67 2 62 -5 47 1
-7 61 23 30 -1 78 -3 72 -248 -122 -4 50 1
4 38 3 35 31 65 31 63 23 49 -1 37 1
2 42 34 24 11 64 12 72 -252 -118 -3 39 1
16 52 38 31 25 68 19 63 19 60 -4 44 1
7 49 31 33 23 67 25 59 17 57 -4 46 1
-7 47 29 17 13 66 10 58 8 55 -2 41 1
0 41 30 22 22 61 9 59 6 59 -4 42 1
-14 51 -14 45 11 58 12 56 7 55 -3 42 1
1 51 30 21 20 62 6 63 3 62 -3 46 1
0 46 18 27 9 54 -2 56 -236 -144 -2 38 1
-14 64 29 37 22 63 17 60 15 55 -4 50 1
-10 56 21 39 -2 64 -9 63 -6 63 -6 44 1
-9 56 24 39 7 54 2 57 -2 59 -1 37 1
-9 65 19 49 3 62 -2 60 -4 61 -9 53 1
-4 53 21 31 4 63 4 64 -249 -128 -4 48 1
-10 43 19 24 -7 67 -256 -116 -254 -126 -4 44 1
4 48 36 37 14 62 8 71 -245 -126 1 47 1
-1 64 40 51 23 65 17 64 4 71 -3 41 1
-5 56 -3 53 21 64 12 59 7 64 -4 49 1
0 48 21 33 14 62 10 59 7 57 0 44 1
6 41 28 29 26 69 22 66 20 63 -4 44 1
-10 68 32 37 26 62 20 56 10 63 -1 49 1
2 63 30 44 25 68 22 69 12 68 -6 53 1
-21 60 34 44 13 70 5 76 4 76 -7 49 1
-7 43 27 24 11 64 -1 64 1 60 -5 47 1
-12 58 -12 49 2 59 -4 57 -8 61 -12 45 1
-16 65 12 56 -10 73 -241 -142 -240 -145 -4 50 1
25 45 12 36 -4 70 -8 70 -247 -138 -6 48 1
-25 64 20 31 5 57 6 56 -12 72 -7 42 1
-15 64 -15 77 16 60 18 58 1 60 0 49 1
-5 46 -9 45 13 54 11 49 5 40 4 45 1
-24 23 -23 21 -19 80 5 48 0 38 3 45 1
-23 44 -18 51 -25 86 -3 47 -7 42 7 40 1
-18 43 -16 42 -14 88 2 55 -4 41 9 44 1
-6 35 -6 26 -17 63 -16 61 -16 61 6 40 1
-26 27 -25 25 -25 99 -1 47 -7 40 8 43 1
-26 33 -6 4 -14 47 -10 47 -19 48 2 34 1
-25 38 -27 38 -31 72 -28 75 -8 44 6 44 1
-27 37 -23 43 -34 99 -8 56 -10 48 3 49 1
-22 62 -25 64 -11 54 -11 55 -16 49 0 45 1
-23 43 -6 18 -16 56 -21 58 -340 -152 8 53 1
-21 63 -18 65 -34 89 -20 53 -20 53 -2 37 1
-29 36 -26 32 -29 53 -28 49 -29 54 -5 38 1
-27 65 -29 63 -41 103 -35 102 -25 50 -6 42 1
-31 58 -8 28 -22 57 -30 57 -28 54 -2 43 1
-25 51 -22 52 -33 55 -30 51 -29 50 -4 40 1
-26 53 -28 44 -33 101 -29 100 -8 41 3 41 1
-24 54 -23 47 -26 74 -24 84 -1 48 0 46 1
-18 56 -19 61 -27 87 -18 55 -18 53 -3 47 1
-32 49 -31 58 -33 102 -27 102 -11 61 -2 52 1
-24 79 -30 86 -38 114 -26 71 -29 67 2 61 1
-16 41 -30 48 -33 88 -28 89 2 61 3 54 1
0 4 -4 29 6 -6 0 -10 -1 -2 -3 7 1
-22 50 -27 67 -29 123 -24 123 -18 49 1 55 1
-15 61 -16 64 -24 104 -18 105 -7 60 9 64 1
-19 51 -18 25 -25 65 -25 70 -21 68 1 50 1
-42 67 -44 51 -45 49 -42 61 -40 59 5 46 1
-16 72 -16 78 -23 113 -16 113 -6 60 10 48 1
-18 45 -17 53 -19 90 0 58 -2 49 5 62 1
-37 69 -39 74 -42 65 -40 66 -34 77 -2 62 1
-23 56 -26 60 -23 67 -22 68 -29 70 3 62 1
-29 48 -24 52 -28 92 -17 56 -22 48 4 57 1
-17 42 -16 50 -11 92 -5 57 -13 53 9 47 1
-17 47 -15 58 -14 92 9 54 -1 48 12 52 1
-27 63 -3 36 -11 59 -22 58 -22 58 -1 50 1
-21 61 -20 58 -21 61 -21 60 -25 61 1 43 1
-25 81 -26 83 -31 69 -29 70 -28 68 -1 53 1
-30 46 -29 48 -22 60 -26 56 -23 46 -2 47 1
-21 65 -22 81 -23 78 -19 67 -16 72 10 58 1
-28 48 -30 43 -29 97 -21 67 -26 59 4 48 1
-26 58 -27 30 -32 61 -32 61 -32 62 0 45 1
-27 46 -26 54 -22 63 -23 57 -369 -121 6 48 1
-16 74 -21 85 -13 66 -16 71 -17 73 7 68 1
-24 32 -22 32 -21 103 -15 63 -20 42 8 52 1
-11 41 -16 55 -17 89 8 61 3 58 10 51 1
-20 52 -20 49 1 64 -7 59 -12 52 7 43 1
-17 70 -15 75 -18 105 4 64 -7 53 5 57 1
-24 62 -29 73 -29 75 -26 72 -27 60 1 58 1
-28 67 -26 67 -38 106 -30 67 -29 62 -5 60 1
-28 68 -32 72 -34 70 -34 69 -33 80 -1 64 1
-26 60 -26 56 -32 98 -4 58 -7 50 5 50 1
205 15 202 23 205 16 211 9 211 6 195 10 2
246 3 247 3 243 4 242 -7 243 -13 226 -6 2
217 0 214 6 213 -1 206 -5 210 -11 198 5 2
214 18 207 12 200 17 211 6 208 5 194 22 2
218 14 223 20 218 19 212 15 209 11 196 19 2
173 6 172 5 172 7 165 11 178 5 169 4 2
234 20 228 15 230 15 227 18 239 11 221 -11 2
255 22 267 6 271 5 273 -4 269 -2 248 -10 2
259 22 269 14 262 7 262 0 260 -7 241 -2 2
272 9 267 4 273 2 264 4 271 -5 247 -1 2
267 12 255 6 260 8 250 10 261 7 252 -1 2
253 17 259 12 243 6 237 7 239 7 229 9 2
285 18 274 5 282 4 270 5 276 12 265 6 2
315 12 318 -9 322 -6 307 -9 303 6 291 22 2
213 9 211 -4 216 -1 209 -2 213 -10 189 25 2
246 8 261 11 247 6 244 0 251 -10 232 -6 2
304 15 309 14 321 10 308 9 314 -2 289 20 2
265 4 269 7 266 5 261 5 273 -2 262 4 2
285 14 295 6 304 1 307 -4 307 -8 283 25 2
312 32 336 27 341 20 338 22 344 7 311 35 2
303 18 313 23 321 18 321 11 326 9 302 27 2
313 16 325 11 344 11 347 9 349 6 307 -5 2
198 4 206 9 213 1 206 0 218 -15 204 -7 2
151 -14 163 -3 167 -7 177 -13 186 -17 164 -20 2
121 -2 129 10 136 6 135 8 141 5 126 -6 2
164 45 191 26 188 10 179 -9 156 -14 134 20 2
137 17 149 9 160 -4 148 -22 134 -21 113 -21 2
173 40 187 21 197 4 181 -11 158 -24 151 -13 2
156 29 178 13 177 -4 172 -23 154 -31 143 -5 2
214 39 234 16 231 -2 227 -21 208 -37 204 8 2
143 29 143 8 152 -3 143 -3 134 -15 119 -8 2
187 14 201 0 209 -10 197 -23 182 -26 164 -1 2
228 39 249 25 265 5 253 -10 86 -96 207 13 2
228 43 253 33 260 14 259 -8 237 -12 206 7 2
190 62 229 56 240 28 238 1 208 -17 179 15 2
214 60 255 51 258 23 249 -4 225 -17 195 1 2
235 44 266 33 275 8 274 -23 249 -30 214 6 2
180 34 206 17 197 9 197 -6 181 -8 157 -3 2
235 34 256 28 268 16 253 12 244 -2 220 7 2
219 17 241 8 238 1 237 -8 224 -11 190 7 2
247 36 280 29 277 23 269 13 264 -3 236 13 2
192 22 233 31 240 16 234 1 217 -21 184 24 2
221 44 256 41 261 22 254 3 232 -9 209 25 2
207 55 239 49 254 40 240 20 222 -2 181 39 2
69 49 92 50 92 47 89 36 83 30 81 31 2
203 76 251 59 256 31 245 11 209 -15 187 35 2
208 37 238 20 251 11 232 1 207 -35 192 1 2
212 45 256 42 267 26 258 11 236 -11 190 -6 2
196 42 229 32 237 15 238 -9 211 -18 172 16 2
215 29 246 23 245 8 246 -8 217 -22 206 32 2
164 22 167 11 181 7 175 -2 155 -4 147 10 2
201 39 227 38 232 19 242 -5 195 -21 186 3 2
239 28 256 24 268 13 266 5 235 2 232 10 2
219 13 237 6 242 -1 240 -10 212 -17 206 2 2
217 21 222 8 229 0 224 -8 198 -15 198 -13 2
197 -1 207 2 212 -12 201 -13 185 -26 184 -23 2
228 27 239 16 246 4 249 -5 218 -11 201 -5 2
221 16 231 4 240 -6 237 -16 208 -22 204 -7 2
225 32 242 22 251 4 252 -8 216 -24 209 5 2
205 -5 216 -12 227 -17 221 -30 194 -34 197 -13 2
169 2 177 2 183 -8 177 -18 156 -22 148 -14 2
172 11 178 1 187 -5 187 -12 161 -22 157 1 2
171 11 184 3 194 -9 190 -18 170 -28 172 -3 2
51 8 57 -1 57 -1 61 -4 58 -9 54 -14 2
149 14 166 1 162 0 170 -15 158 -15 134 7 2
154 -3 176 -15 170 -21 165 -28 158 -37 143 -11 2
142 0 169 1 158 0 168 -14 164 -13 146 -3 2
148 15 174 2 165 1 169 -13 165 -12 147 -6 2
127 4 141 -6 147 -4 138 -6 138 -8 121 12 2
133 -12 166 -10 164 -18 168 -35 154 -33 137 -12 2
149 5 177 5 175 2 180 -12 170 -14 142 6 2
165 9 182 -4 176 -6 181 -23 170 -24 140 12 2
167 15 184 0 186 -5 186 -19 174 -18 157 -12 2
165 3 187 -5 181 -10 179 -27 164 -27 151 -4 2
183 -2 207 -9 216 -15 204 -24 203 -37 172 -11 2
183 -2 207 -9 216 -15 204 -24 203 -37 172 -11 2
170 37 180 17 199 14 194 -7 165 -18 148 29 2
175 38 187 30 195 15 192 -5 156 -13 142 12 2
214 46 226 23 243 12 229 -10 192 -19 180 43 2
167 60 190 40 201 24 192 9 158 -13 150 18 2
193 52 216 26 234 4 220 -8 182 -40 170 1 2
189 47 215 28 226 4 209 -15 165 -44 159 5 2
189 47 215 28 226 4 209 -15 165 -44 159 5 2
205 43 215 28 230 13 231 -3 195 -19 184 3 2
204 41 224 20 243 8 235 -14 199 -38 178 -7 2
213 40 241 24 247 10 248 -9 213 -33 188 -4 2
214 37 239 16 252 9 253 -14 219 -42 187 -6 2
214 37 239 16 252 9 253 -14 219 -42 187 -6 2
199 4 229 -9 247 -11 239 -16 232 -30 199 -31 2
168 28 204 12 218 8 221 -16 202 -22 166 9 2
206 40 263 28 279 17 284 -4 268 -19 217 -6 2
193 16 246 22 252 8 236 -1 230 -16 190 10 2
195 32 247 25 260 9 256 -2 247 -22 198 -10 2
190 14 228 8 235 0 231 -9 218 -18 171 8 2
321 57 358 47 366 41 355 24 339 19 307 47 2
277 21 305 16 314 11 303 5 297 -7 258 11 2
245 47 287 32 301 29 300 14 287 1 237 20 2
216 29 250 14 260 8 254 -2 246 -14 206 12 2
259 34 276 16 276 11 276 -4 259 -8 238 20 2
259 34 276 16 276 11 276 -4 259 -8 238 20 2
-183 -12 -174 -19 -181 26 -183 -9 -185 -18 -139 -3 3
-138 2 -132 4 -134 51 -137 5 -143 2 -133 4 3
-113 1 -111 13 -115 32 -114 -2 -122 -6 -92 4 3
-127 2 -126 -3 -119 33 -128 4 -129 7 -120 6 3
-127 2 -126 -3 -119 33 -128 4 -129 7 -120 6 3
-189 16 -187 14 -189 44 -201 8 -201 8 -146 6 3
-191 20 -188 24 -211 29 -202 8 -201 3 -169 9 3
-242 13 -235 9 -247 53 -253 17 -255 16 -204 18 3
-259 -14 -270 24 -263 17 -268 -17 -273 -20 -214 -5 3
-158 5 -150 9 -158 45 -169 9 -168 6 -152 11 3
-179 -11 -171 -7 -174 26 -180 -6 -179 -13 -140 5 3
-167 -4 -171 30 -177 -19 -171 -21 -166 -16 -153 -4 3
-266 -22 -266 14 -259 16 -274 -21 -276 -25 -197 -21 3
-283 -5 -289 35 -280 30 -279 28 -286 1 -230 6 3
-212 4 -223 33 -227 -4 -229 -6 -230 0 -182 -11 3
-234 -14 -245 15 -243 -12 -242 -13 -242 -9 -193 -16 3
-171 -15 -173 24 -172 -10 -174 -10 -175 -3 -127 -17 3
-200 -8 -200 21 -208 -6 -210 -4 -208 -5 -177 -11 3
-172 -26 -177 11 -169 -20 -176 -22 -179 -23 -149 -14 3
-207 -26 -218 20 -210 -5 -212 -8 -213 -8 -188 -14 3
-260 1 -266 39 -261 10 -268 13 -269 14 -222 -4 3
-235 -24 -236 42 -237 10 -235 6 -238 -11 -193 -4 3
-265 -2 -267 32 -272 5 -272 5 -272 6 -217 -5 3
-241 -3 -244 38 -249 3 -255 2 -255 9 -197 -12 3
-269 -7 -276 30 -272 31 -282 2 -286 6 -202 -14 3
-219 -4 -229 37 -225 -4 -228 -6 -227 -8 -189 -11 3
-248 1 -255 42 -250 44 -257 5 -261 6 -208 -1 3
-196 12 -206 40 -199 41 -206 13 -205 15 -154 7 3
-217 -3 -210 9 -218 35 -211 36 -215 -10 -176 5 3
-298 -9 -308 31 -315 -3 -315 -8 -314 -7 -234 -10 3
-243 -8 -250 29 -249 -6 -251 -5 -253 -11 -196 -5 3
-198 5 -206 48 -208 15 -208 7 -205 16 -161 -6 3
-203 -18 -210 15 -210 -21 -212 -22 -213 -15 -167 -9 3
-240 -14 -237 18 -238 -10 -240 -11 -240 -12 -191 -18 3
-236 -8 -244 34 -242 5 -244 8 -246 7 -207 -9 3
-187 4 -200 34 -191 35 -186 12 -193 12 -156 1 3
-170 -1 -175 35 -166 5 -169 6 -171 6 -151 -3 3
-199 2 -201 5 -214 3 -207 1 -207 2 -170 -11 3
-230 -6 -237 27 -241 -8 -244 -9 -241 -7 -196 -15 3
-204 11 -206 49 -206 14 -207 8 -215 5 -168 2 3
-231 18 -239 46 -239 10 -241 11 -240 15 -194 -5 3
-241 8 -250 44 -260 8 -257 9 -252 9 -200 -8 3
-220 -7 -230 42 -229 -6 -230 -7 -233 -11 -196 -18 3
-233 -2 -240 22 -240 2 -241 -1 -241 1 -173 -11 3
-223 13 -224 17 -237 34 -228 6 -229 8 -159 -7 3
-242 -11 -249 26 -255 -8 -257 -8 -257 -5 -197 -12 3
-216 -12 -223 18 -212 18 -220 -9 -222 -10 -169 -10 3
-239 -10 -238 36 -239 -3 -249 -7 -246 -5 -189 -5 3
-284 6 -302 39 -305 7 -306 10 -303 11 -230 -17 3
-193 20 -200 48 -191 54 -215 6 -215 3 -174 -2 3
-198 23 -194 22 -197 52 -193 57 -201 24 -158 29 3
-243 5 -249 -4 -261 23 -256 22 -228 12 -180 37 3
-200 5 -197 5 -196 48 -191 47 -198 10 -171 29 3
-198 -17 -192 -14 -201 19 -193 20 -190 -15 -164 14 3
-217 44 -212 39 -214 77 -217 47 -222 44 -160 47 3
-177 8 -177 2 -177 31 -173 36 -179 3 -159 17 3
-219 1 -218 1 -215 40 -208 35 -215 2 -174 30 3
-210 -43 -210 -48 -209 15 -205 12 -207 -20 -172 -1 3
-228 -17 -227 -26 -234 32 -238 -24 -238 -10 -217 -1 3
-191 2 -189 1 -191 39 -185 38 -187 2 -174 19 3
-275 16 -273 14 -281 64 -272 66 -283 11 -262 28 3
-235 -18 -236 -19 -249 28 -242 28 -236 -10 -217 8 3
-214 -13 -214 -15 -219 23 -213 21 -217 -29 -205 -9 3
-212 6 -208 11 -214 45 -210 47 -213 11 -174 18 3
-172 2 -171 -6 -175 42 -177 39 -174 -15 -140 14 3
-133 -17 -133 -8 -136 30 -130 36 -128 -5 -134 -3 3
-179 23 -173 25 -178 52 -174 55 -182 13 -144 30 3
-216 -13 -213 -13 -223 30 -217 27 -220 -12 -173 18 3
-216 18 -229 59 -222 58 -216 57 -224 19 -183 37 3
-221 6 -226 54 -219 57 -213 49 -227 8 -182 39 3
-228 25 -217 21 -230 63 -242 24 -244 28 -178 37 3
-253 13 -252 11 -257 49 -242 48 -256 17 -183 33 3
-199 11 -194 8 -209 57 -204 61 -208 9 -177 20 3
-208 9 -205 4 -217 57 -209 53 -214 17 -180 16 3
-205 -3 -198 -3 -209 29 -200 30 -212 -8 -169 16 3
-217 3 -211 -6 -223 48 -209 42 -220 9 -190 33 3
-221 10 -211 5 -232 40 -221 43 -227 7 -179 24 3
-202 22 -196 27 -213 56 -210 66 -212 19 -182 29 3
-191 21 -182 23 -187 67 -181 67 -197 15 -181 21 3
-224 5 -225 8 -235 47 -226 46 -223 10 -198 26 3
-230 38 -228 31 -234 72 -230 72 -240 26 -217 32 3
-269 31 -263 32 -276 69 -262 68 -274 35 -234 45 3
-255 10 -244 11 -261 46 -254 40 -261 10 -230 25 3
-235 13 -234 9 -243 39 -233 43 -234 15 -190 13 3
-197 10 -194 3 -201 52 -195 51 -207 9 -178 22 3
-191 30 -190 24 -201 75 -202 37 -201 37 -192 33 3
-222 -7 -215 2 -226 41 -225 43 -228 -3 -191 13 3
-255 36 -245 27 -262 62 -255 68 -267 30 -219 38 3
-195 5 -193 7 -205 37 -201 35 -202 -3 -177 13 3
-184 0 -172 0 -193 35 -183 38 -194 -8 -151 6 3
-235 29 -228 24 -236 54 -227 55 -241 22 -196 33 3
-224 10 -215 14 -226 57 -213 57 -232 15 -187 16 3
-198 7 -200 6 -203 55 -210 12 -212 15 -175 30 3
-235 7 -244 43 -239 42 -242 14 -242 7 -215 35 3
-217 4 -214 -4 -224 9 -225 9 -224 12 -212 6 3
-226 7 -222 6 -235 47 -223 6 -231 4 -215 13 3
-191 -10 -190 -4 -209 48 -198 0 -197 -4 -187 2 3
-197 36 -193 29 -211 75 -195 19 -197 31 -182 22 3
-167 14 -169 16 -183 48 -179 47 -169 -6 -151 3 3
-246 5 -244 21 -256 62 -249 60 -250 8 -215 37 3
14 -113 13 -116 28 -112 34 -117 29 -120 9 -81 4
2 -117 7 -109 15 -110 15 -113 14 -119 7 -97 4
1 -110 12 -100 6 -103 8 -106 7 -107 2 -105 4
-3 -125 4 -122 6 -122 10 -126 10 -128 6 -119 4
1 -136 11 -129 13 -130 9 -130 11 -136 1 -125 4
-9 -139 -2 -136 3 -131 3 -133 2 -137 -3 -136 4
-9 -139 -2 -136 3 -131 3 -133 2 -137 -3 -136 4
-2 -126 11 -124 1 -124 13 -133 11 -130 12 -103 4
-4 -131 3 -126 3 -125 5 -126 9 -135 6 -139 4
-5 -132 6 -124 9 -124 10 -125 9 -132 10 -129 4
-12 -137 -5 -137 3 -135 0 -139 -2 -147 -8 -135 4
-7 -127 0 -127 9 -123 12 -126 12 -137 3 -114 4
-1 -156 14 -140 13 -143 13 -149 8 -161 -4 -119 4
-20 -124 -26 -118 -20 -118 -16 -116 -15 -118 -16 -107 4
-20 -124 -17 -119 -20 -118 -13 -123 -11 -126 -4 -96 4
-23 -109 -26 -107 -24 -105 -29 -93 -14 -100 -21 -129 4
-28 -150 -27 -140 -33 -143 -25 -137 -13 -140 -17 -121 4
-16 -118 -10 -108 -16 -108 -12 -109 -8 -100 -17 -113 4
-11 -103 -8 -98 -6 -98 -7 -95 -3 -95 -15 -72 4
-11 -125 -6 -120 -13 -125 -6 -120 -4 -120 -1 -99 4
-18 -157 -17 -147 -23 -151 -18 -144 -8 -135 -7 -156 4
-11 -156 -8 -153 -2 -158 -9 -150 -9 -147 -12 -141 4
-12 -123 -26 -133 -18 -129 -15 -123 -12 -119 -13 -90 4
-30 -149 -30 -143 -25 -147 -23 -146 -20 -139 -16 -121 4
-15 -148 -16 -144 -21 -148 -15 -147 -121 -228 -14 -101 4
14 15 36 -51 31 -79 31 -102 -14 -180 6 -82 4
-18 -113 -20 -108 -21 -101 -24 -92 -16 -94 -3 -75 4
-19 -179 -26 -176 -27 -174 -28 -166 -123 -207 -16 -136 4
-14 -113 -18 -113 -12 -108 -14 -102 -12 -105 -9 -98 4
-1 -111 0 -111 -6 -107 -7 -103 -4 -100 7 -88 4
2 -141 7 -137 -7 -146 -4 -136 -91 -195 6 -110 4
-12 -119 -12 -111 -30 -110 -19 -114 -13 -106 -14 -100 4
-2 -148 1 -152 -6 -153 -5 -148 -4 -148 12 -135 4
-39 -135 -43 -132 -46 -132 -45 -122 -40 -131 -25 -112 4
14 -164 9 -169 9 -167 14 -165 10 -162 11 -134 4
21 -52 45 -143 62 -171 63 -205 32 -258 25 -157 4
-12 -162 -17 -164 -26 -158 -12 -160 -13 -144 0 -111 4
-10 -156 -3 -150 -21 -144 -12 -153 -117 -219 3 -85 4
-10 -156 -3 -150 -21 -144 -12 -153 -117 -219 3 -85 4
14 -147 26 -157 25 -170 30 -180 17 -186 14 -133 4
7 -118 -2 -118 7 -118 4 -116 3 -123 8 -98 4
14 -188 17 -192 21 -193 15 -194 13 -207 22 -162 4
9 -147 6 -155 15 -152 13 -162 8 -160 7 -123 4
18 -147 27 -144 28 -155 13 -161 19 -162 15 -148 4
18 -147 27 -144 28 -155 13 -161 19 -162 15 -148 4
38 -131 30 -141 36 -148 27 -137 29 -143 25 -132 4
5 -176 8 -180 13 -186 -2 -182 -1 -192 -6 -148 4
15 -170 9 -188 14 -187 19 -200 6 -193 1 -151 4
5 -192 5 -194 6 -195 2 -193 -2 -204 6 -156 4
-6 -170 -1 -176 6 -188 -7 -187 -20 -205 -6 -142 4
-5 21 29 -82 28 -104 35 -131 29 -183 2 -95 4
-4 -111 -9 -104 -7 -100 -4 -101 -3 -99 4 -77 4
6 17 40 -96 31 -115 37 -149 27 -200 11 -111 4
0 -133 -1 -122 -13 -123 -5 -123 1 -103 2 -103 4
1 -126 -6 -121 -13 -121 -12 -118 -4 -104 -7 -99 4
2 -120 2 -115 -6 -120 3 -122 6 -108 -8 -110 4
3 -137 -9 -133 -1 -131 1 -131 5 -120 6 -133 4
-6 -133 -4 -125 -12 -127 -7 -123 -1 -110 -7 -124 4
2 -118 5 -108 -7 -113 -3 -106 -2 -103 6 -110 4
3 -121 -1 -124 0 -123 0 -115 6 -108 -2 -117 4
-5 -121 -3 -117 -9 -118 -6 -119 -7 -114 -6 -120 4
3 -131 1 -126 -2 -124 1 -124 -3 -124 1 -120 4
-1 -110 -6 -111 -2 -107 -7 -100 -44 -136 -2 -92 4
-7 -129 -11 -122 -19 -119 -15 -110 -10 -106 -8 -106 4
-19 -148 -12 -150 -10 -160 -45 -122 26 -20 -17 -139 4
-4 -100 -8 -114 -6 -109 -4 -111 -8 -109 -1 -89 4
0 -107 13 -120 16 -128 7 -129 3 -129 -1 -111 4
-14 -127 -22 -135 -11 -138 -6 -144 -20 -134 -22 -107 4
-9 -120 -12 -135 -4 -134 -1 -144 -10 -132 -11 -110 4
8 -112 15 -123 16 -134 14 -143 6 -131 7 -107 4
0 -123 4 -130 5 -134 5 -138 4 -128 9 -122 4
-14 -114 0 -123 -1 -130 -1 -136 -41 -156 -14 -115 4
9 -103 5 -117 12 -120 10 -121 7 -129 16 -109 4
-3 -95 5 -108 6 -105 7 -113 3 -116 8 -102 4
-19 -151 -12 -159 -11 -160 -21 -156 -19 -162 -10 -129 4
12 -114 19 -110 23 -113 21 -116 17 -121 5 -92 4
15 -128 24 -127 28 -126 26 -127 21 -150 6 -72 4
20 -112 7 -115 13 -109 22 -111 15 -120 16 -75 4
17 -100 23 -102 22 -104 17 -96 16 -117 10 -84 4
10 -107 5 -110 16 -109 20 -113 10 -115 9 -83 4
3 -117 1 -127 22 -123 19 -144 7 -139 18 -89 4
2 -91 -7 -84 -1 -82 5 -88 -4 -89 2 -65 4
15 -91 21 -80 21 -93 18 -93 16 -111 25 -81 4
1 -120 12 -104 13 -115 14 -118 5 -131 5 -68 4
-4 -110 3 -96 -5 -104 -1 -112 -4 -107 -13 -73 4
-34 -122 -47 -117 -40 -120 -46 -111 -40 -124 -25 -73 4
4 -122 4 -117 12 -122 7 -123 9 -124 -6 -82 4
-2 -149 15 -134 10 -140 11 -147 5 -155 -2 -107 4
-7 -112 3 -102 -3 -105 -2 -107 -6 -117 1 -77 4
-15 -123 -17 -117 -16 -105 -11 -111 -12 -112 -1 -88 4
4 -118 6 -108 0 -109 6 -114 5 -105 2 -99 4
3 -143 -5 -143 -6 -135 1 -137 -87 -203 0 -97 4
-1 -141 4 -129 -5 -125 -3 -129 3 -126 8 -98 4
10 -115 6 -121 3 -117 4 -112 -37 -167 12 -93 4
27 -105 20 -106 15 -107 19 -108 14 -113 23 -95 4
20 -103 23 -99 33 -100 22 -100 23 -109 24 -86 4
14 -109 7 -118 11 -112 11 -114 12 -111 17 -87 4
17 -126 9 -121 10 -118 16 -123 18 -112 12 -98 4
-12 -104 -18 -101 -24 -95 -23 -95 -14 -83 -14 -95 4
8 -86 4 -92 8 -88 7 -97 5 -92 10 -76 4
-7 50 -3 63 -9 78 -12 66 -12 65 -6 40 5
-38 99 -41 114 -44 91 -44 86 -46 94 -32 54 5
-26 85 -28 86 -30 88 -25 86 -26 86 -20 64 5
-8 85 -17 79 -12 96 -9 92 -4 88 -12 66 5
-36 107 -34 137 -26 110 -33 109 -36 107 -20 74 5
-29 107 -37 132 -33 113 -33 114 -26 114 -24 76 5
-7 106 -3 110 -1 102 -3 101 -4 101 -6 76 5
-32 112 -40 108 -33 120 -31 116 -34 118 -28 77 5
2 109 3 99 7 119 8 122 6 120 4 72 5
-22 83 -28 73 -14 92 -15 91 -15 88 -13 59 5
-36 123 -36 129 -38 115 -35 112 -36 120 -31 79 5
-22 114 -22 112 -19 112 -19 109 -21 113 -20 85 5
14 119 15 124 21 126 21 125 21 124 11 105 5
-29 98 -26 115 -36 104 -36 87 -35 91 -29 87 5
-35 120 -40 113 -22 137 -20 144 -24 149 -15 107 5
-10 124 -10 134 -18 130 -18 127 -21 137 -15 96 5
-14 160 -7 164 -12 148 -13 146 -13 160 -15 111 5
-3 154 -6 139 11 159 8 161 7 163 -3 125 5
-20 135 -19 141 -22 142 -22 140 -21 139 -16 110 5
-11 141 -10 142 -14 134 -11 148 -11 152 -15 93 5
-14 114 -13 112 -9 112 -11 115 -13 122 -15 97 5
-11 100 -11 98 -10 104 -9 99 -11 102 -13 88 5
-13 105 -13 111 -13 115 -13 115 -16 119 -12 85 5
-7 125 0 123 -3 122 -5 121 -3 126 -8 87 5
-12 146 -10 154 -16 155 -15 158 -16 156 -9 123 5
-28 115 -29 124 -30 111 -30 110 -29 121 -21 71 5
-3 128 2 132 -5 120 -3 114 -2 112 -1 76 5
-11 150 -8 165 -7 164 -16 168 -14 167 -7 99 5
-22 177 -19 178 -21 182 -20 185 -20 186 -10 109 5
-13 120 -11 119 -10 132 -10 132 -11 131 -4 80 5
4 131 5 128 11 135 11 127 6 114 6 78 5
-2 130 3 137 -4 141 -5 145 -6 148 -1 88 5
21 112 23 128 16 122 16 124 15 124 14 79 5
18 141 15 141 21 139 21 138 21 139 19 87 5
-7 143 -4 141 -2 138 -5 136 -8 136 2 88 5
-36 128 -33 132 -39 136 -41 136 -45 139 -22 81 5
-12 125 -13 122 -15 127 -13 127 -13 128 -5 72 5
9 144 7 152 7 121 6 123 5 127 1 76 5
-19 116 -20 122 -20 124 -20 122 -22 127 -12 80 5
-23 134 -25 131 -23 133 -23 131 -21 128 -18 83 5
-3 142 -4 142 -2 153 -3 149 -6 159 5 90 5
-26 123 -28 103 -18 122 -17 127 -19 123 -14 75 5
17 121 15 121 18 127 22 123 17 124 16 80 5
-20 107 -19 107 -20 107 -21 107 -20 107 -12 78 5
-1 123 -2 123 -1 122 1 118 2 122 1 80 5
-12 84 -11 79 -7 92 -10 96 -10 98 -11 62 5
-20 136 -19 108 -18 126 -21 128 -22 135 -19 82 5
-29 76 -27 76 -27 93 -27 91 -26 89 -24 69 5
-8 139 9 101 -7 140 -5 143 -6 155 -1 84 5
-9 98 -4 101 -3 113 -4 109 -5 110 -8 78 5
15 105 16 104 15 106 14 117 18 120 16 64 5
15 116 16 109 16 119 16 120 16 125 10 79 5
13 145 16 145 15 131 17 132 18 129 8 88 5
-1 140 -6 144 6 135 1 138 0 142 -4 104 5
14 131 14 138 14 136 15 136 13 137 9 98 5
23 125 42 86 25 128 27 135 27 135 22 95 5
37 114 35 113 40 112 38 113 37 115 29 98 5
51 115 64 73 57 142 59 142 59 132 48 119 5
26 137 24 131 26 127 26 123 31 121 23 113 5
12 88 15 88 15 108 11 103 11 108 11 95 5
20 95 20 92 21 99 23 101 21 101 14 92 5
40 113 38 107 41 107 39 109 37 109 30 109 5
6 118 6 120 5 119 6 119 7 117 9 105 5
33 114 34 127 35 139 36 138 30 131 25 128 5
8 120 7 111 9 127 5 127 6 124 7 113 5
43 138 41 151 48 131 47 132 46 135 39 123 5
18 129 23 130 14 138 18 148 21 142 18 111 5
-5 120 -3 119 -1 111 -3 109 -4 100 -4 92 5
22 83 19 84 21 97 21 93 19 94 21 78 5
38 148 40 149 45 136 44 143 44 151 27 114 5
28 166 44 124 37 150 35 157 31 167 23 113 5
16 140 37 94 13 129 15 131 17 134 16 103 5
2 126 2 122 1 138 0 133 1 139 -3 113 5
-31 150 -33 80 -46 144 -41 142 -37 143 -10 117 5
3 134 2 143 8 119 5 123 2 140 0 94 5
3 116 2 112 6 111 -1 115 -3 111 2 89 5
-8 104 -6 100 -5 107 -5 102 -8 107 -8 82 5
21 154 37 84 22 149 21 154 21 155 25 112 5
-13 148 -12 152 -10 141 -10 139 -9 139 -5 109 5
11 124 9 128 13 141 14 143 13 140 7 102 5
20 186 34 143 24 189 24 190 19 194 17 140 5
21 161 22 156 28 158 24 159 20 164 21 126 5
-5 157 -3 155 -6 160 -5 164 -3 170 -6 118 5
6 148 7 145 5 144 4 152 3 157 -1 112 5
-19 116 -22 116 -24 137 -19 144 -18 133 -18 113 5
24 118 20 123 22 135 24 137 26 136 16 109 5
13 145 12 152 24 138 21 135 20 141 13 111 5
27 119 28 118 28 126 27 125 28 131 23 106 5
19 115 19 120 17 130 16 134 17 137 11 99 5
62 117 58 116 76 111 72 116 69 113 24 108 5
30 145 42 104 34 139 32 156 27 148 28 105 5
20 146 18 147 22 141 21 150 21 151 17 104 5
-28 137 -16 93 -35 137 -30 141 -27 152 -28 107 5
9 111 8 110 11 120 8 120 8 115 4 87 5
17 124 29 76 15 126 15 127 16 135 20 93 5
-4 145 -6 150 -5 136 -3 142 -6 146 -7 104 5
-5 147 -5 147 -9 153 -2 150 -3 153 -7 113 5
26 116 27 120 34 108 35 108 31 110 24 86 5
10 133 11 134 13 133 13 133 13 132 8 100 5
25 132 37 84 27 124 25 131 22 139 23 85 5
